absorption_2g=0.0092,0.0932
fission_2g=0.0046,.1139
xi_2g=1,0
scat1_2g=1,0
scat2_2g=0.0202,2
absorption_8g=0.0056,0.0029,0.0025,0.0133,0.0473,0.0180,0.0558,0.1798
fission_8g=0.0134,0.0056,0.0011,0.0067,0.0220,0.0222,0.0897,0.2141
xi_8g=0.3507,0.4105,0.2388,0,0,0,0,0
scat1_8g=0.1179,0,0,0,0,0,0,0
scat2_8g=0.0530,0.1949,0,0,0,0,0,0
scat3_8g=0.0301,0.1159,0.5868,0,0,0,0,0
scat4_8g=0.0001,0.0005,0.0769,0.8234,0,0,0,0
scat5_8g=0,0,0.0019,0.1961,0.8180,0,0,0
scat6_8g=0,0,0,0.0050,0.1737,0.6902,0.0023,0
scat7_8g=0,0,0,0.0007,0.0246,0.2707,0.8626,0.0275
scat8_8g=0,0,0,0.0001,0.0073,0.0550,0.3589,1.9761