0,0,0.15915494824277174,0.1588553603736811
1,-1,2.036085933711458,2.0381507812911672
1,1,-1.399466182193966,-1.4016326567409034
2,-2,0.741746774458056,0.7428619474670332
2,0,0.09188816294025035,0.09206226466384483
2,2,0.33464873105690285,0.3345191838325426
3,-3,0.18584091424770405,0.18614875313458426
3,-1,0.018490278768697882,0.021410611228845494
3,1,-0.0739611232689477,-0.07601080411484519
3,3,0.30010542200996276,0.3000697568846135
4,-4,-1.1948271538830824e-09,-8.532024277723595e-09
4,-2,-1.2493338577387566e-07,0.0014384556415080524
4,0,-2.0423164791283366e-09,0.00040103596027781316
4,2,-2.5142928017363175e-10,0.0008399421219430186
4,4,-0.035631194484258055,-0.036264816568586974
5,-5,-0.13312747511712925,-0.1334017253460234
5,-3,-0.039917610525455505,-0.039541588609709986
5,-1,-8.724644387049632e-08,0.0035793384013517544
5,1,1.467252049786979e-07,-0.0026226178646525052
5,3,-0.023950626479982865,-0.02301161844580976
5,5,0.12535121324538986,0.12509377972495084
6,-6,-0.11418210349366978,-0.11446933489719846
6,-4,-4.240050227588554e-09,2.7505113029304766e-09
6,-2,-2.8124706136009593e-07,0.00170404762895689
6,0,-2.9849826704630724e-08,0.0004036634192945021
6,2,-5.47411956042243e-10,0.00069207662662466
6,4,0.008431918307505079,0.00863048349088784
6,6,-0.032673344131904744,-0.03326419880786432
7,-7,-0.04776041264987854,-0.04788735235732563
7,-5,0.057885582844941046,0.05756976472813658
7,-3,0.018436768029336886,0.01887189712369519
7,-1,-2.3651382792596642e-07,0.004137925647098119
7,1,3.5461054345095783e-07,-0.0030156739445021067
7,3,0.011061992796389737,0.011732895225772899
7,5,-0.0434830129333589,-0.04285952485396949
7,7,-0.07241432454480459,-0.07310735142804103
8,-8,5.141803233188469e-09,1.4891597823910184e-08
8,-6,0.04315708475844083,0.042832923199936764
8,-4,-8.895618561211016e-09,-1.3712817094016405e-09
8,-2,-4.454179760643692e-07,0.0019346231673413104
8,0,-6.791043622563312e-08,0.00048776077804642476
8,2,-1.0475431685280645e-09,0.0009106374796015832
8,4,-0.003186877268197316,-0.0034434196946387468
8,6,0.012349365415915652,0.012568596179184271
8,8,0.011287252130667603,0.010853367780089903
9,-9,0.03777482615896308,0.03789192996704222
9,-7,0.02361585757955562,0.02347481083826966
9,-5,-0.031741698263306445,-0.0320960424400722
9,-3,-0.010307279821095482,-0.00981988601550704
9,-1,-6.574177405106803e-07,0.0046332504424371115
9,1,5.951724673076874e-07,-0.0033820444984137433
9,3,-0.006184556151241389,-0.005222386450013313
9,5,0.02184045516833488,0.022014049034749687
9,7,0.02814758593694242,0.02823221030107489
9,9,-0.040575095030438955,-0.0411553090760925
10,-10,0.03995176027981379,0.04009297076432562
10,-8,1.7438087251964163e-08,-7.943948006398412e-09
10,-6,-0.02044730796375521,-0.020807575947885192
10,-4,-1.5506942896426068e-08,7.577702675463401e-10
10,-2,-7.429744583673767e-07,0.0021424459626555184
10,0,-1.0830636501859591e-07,0.0005244826790407518
10,2,-1.6536838270270193e-09,0.0009420497479565823
10,4,0.0015100868760417466,0.001501596820109921
10,6,-0.005851183996514048,-0.006159009446849006
10,8,-0.005348025176785818,-0.004991226345797887
10,10,0.008116632022953391,0.007713234051591873
11,-11,0.019530476950387492,0.01960237876587598
11,-9,-0.02251269053829849,-0.022385428231984732
11,-7,-0.013897226683302708,-0.014052967923142746
11,-5,0.019693561441207305,0.01930460124154206
11,-3,0.00645067386050662,0.006985877040015829
11,-1,-1.0230460013325387e-06,0.00508474836005931
11,1,9.372196621920354e-07,-0.003709212506371594
11,3,0.003870104789942673,0.004801957705564971
11,5,-0.01296481417700508,-0.012448915040575355
11,7,-0.014080173407659867,-0.01455366336009226
11,9,0.02086514321785286,0.02103707934951104
11,11,0.028885473324229576,0.02857929495326907
12,-12,-8.17718094625608e-10,-1.9919453005995044e-08
12,-10,-0.021716140974666485,-0.02156422066561707
12,-8,2.286872808308915e-09,4.957685858020744e-09
12,-6,0.01111549449846641,0.010723363100867555
12,-4,3.2273575088434536e-09,-5.269883455928288e-10
12,-2,-1.1152006650173346e-06,0.0023336688506508845
12,0,-1.563577493499662e-07,0.0005808393197252676
12,2,-2.556962004109098e-09,0.0010665670753110658
12,4,-0.0008205618352662817,-0.0010044251393078213
12,6,0.0031804741395147287,0.0032071417637302897
12,8,0.002906764230262458,0.0027191904051443393
12,10,-0.004411858831013405,-0.004065028911975666
12,12,-0.005027015000339682,-0.005449643297886075
13,-13,-0.01632250009616188,-0.016390048115995436
13,-11,-0.012200160119995614,-0.012123544085182281
13,-9,0.014775089516687524,0.014913818681740581
13,-7,0.009053966846350073,0.008885326277492318
13,-5,-0.013226908941262754,-0.013648430980268642
13,-3,-0.004356796871150345,-0.0037770903682384405
13,-1,-1.4912672549454809e-06,0.0055039857692764805
13,1,1.3557146575367086e-06,-0.004016300051133466
13,3,-0.0026145204934407114,-0.0015247596851723551
13,5,0.008487034567307372,0.008828832014462244
13,7,0.00818922250152678,0.008066052041475095
13,9,-0.012396536460842171,-0.012789690178243834
13,11,-0.015561137095432344,-0.015127380582877993
13,13,0.018755968132143586,0.018444180137254313
14,-14,-0.019061637586276423,-0.019148626842377472
14,-12,-2.7204577965345145e-09,1.2758456089634906e-08
14,-10,0.012959214191552293,0.013124072494631687
14,-8,3.378179198182396e-09,-3.2203046480028257e-09
14,-6,-0.006631400725319082,-0.007054381795928218
14,-4,-2.3698764305135622e-09,3.1658136045299555e-10
14,-2,-1.5703709478026404e-06,0.002512608045683472
14,0,-2.1811210719996527e-07,0.0006190424519004568
14,2,-4.282695303860912e-09,0.0011215163267604513
14,4,0.0004901010102915346,0.00041078521395132334
14,6,-0.0018979688730421333,-0.002121110109079254
14,8,-0.001734972132958728,-0.0015254262441758853
14,10,0.0026328307219472737,0.0024262271034217846
14,12,0.0029999624034667246,0.00328699327979555
14,14,-0.00296276740644027,-0.0033570558395339687
15,-15,-0.010050498428515547,-0.010097840122713036
15,-13,0.011163368823783496,0.01109230741523607
15,-11,0.008262489507652354,0.008345631688165342
15,-9,-0.01034632909206583,-0.01019774745350553
15,-7,-0.0063057698725198065,-0.006487147536827966
15,-5,0.00940067420336678,0.008948541985302023
15,-3,0.003102074736149636,0.003723784121153371
15,-1,-2.029589671559277e-06,0.005898606729796025
15,1,1.8504107887254126e-06,-0.004303519391580537
15,3,0.0018606465112794013,0.002972959630653489
15,5,-0.005935667860865612,-0.0054157773513298126
15,7,-0.0052563523460585895,-0.005669256507922335
15,9,0.008096343906262283,0.00810081355879417
15,11,0.009362762169726075,0.009248729504904001
15,13,-0.011488706364757987,-0.011096352900999772
15,15,-0.01465345117508808,-0.015095078160869689
16,-16,8.941742339618752e-09,2.4159307472194187e-08
16,-14,0.012175709599882813,0.012084583940099652
16,-12,-5.066684691593104e-09,-8.976377476602574e-09
16,-10,-0.008277945279590072,-0.008102769623509507
16,-8,5.072751899093397e-09,2.378379625783913e-09
16,-6,0.004238562174142083,0.0037869208912976707
16,-4,-2.5818463460919316e-09,-2.784367701177409e-10
16,-2,-2.115214807286833e-06,0.0026819206170824415
16,0,-3.015535783852201e-07,0.0006652186272585753
16,2,6.170093949653399e-11,0.0012159928720453254
16,4,-0.00031245296155834164,-0.00048230881921062623
16,6,0.0012123278540449884,0.0011574558699723855
16,8,0.0011077242886535451,0.0010270373237227202
16,10,-0.0016817189093296103,-0.0014643280260489846
16,12,-0.0019161920784389046,-0.0021841468400163625
16,14,0.001892465006244376,0.0021802007946116943
16,16,0.002706426356650795,0.002357255699634825
17,-17,0.008697713362765154,0.008742818706342161
17,-15,0.007046437392771333,0.006997310344203842
17,-13,-0.008057201624626361,-0.008133772777125493
17,-11,-0.005923326420096224,-0.005835148331810447
17,-9,0.007588801708838922,0.007747435345091316
17,-7,0.004614326912574549,0.004421007517248728
17,-5,-0.006961577758740519,-0.007443028816157145
17,-3,-0.002307242383352709,-0.0016454706781306924
17,-1,-2.6578177971233948e-06,0.0062739616870884736
17,1,2.426361534001998e-06,-0.004577836302664507
17,3,-0.0013851415327550333,-0.0001608762879010348
17,5,0.004346654891174995,0.0047872393356654525
17,7,0.0036217310724587647,0.003391501308360604
17,9,-0.005644554692173799,-0.005963288726887696
17,11,-0.006102246964882441,-0.005776901855501922
17,13,0.007605874181578994,0.007451055799928491
17,15,0.009216773804025571,0.009438782419675896
17,17,-0.010402369511550635,-0.01080985924442543
18,-18,0.010761842636875523,0.010822169036061677
18,-16,5.257877168374225e-09,-1.7044192247532897e-08
18,-14,-0.008191037816794684,-0.008289018574492837
18,-12,-7.730538664069142e-09,6.366450440678324e-09
18,-10,0.005568649064133701,0.005755078396741193
18,-8,6.962284626425841e-09,-1.6518479001095617e-09
18,-6,-0.0028477321833618122,-0.0033273366893862306
18,-4,-3.921116977986805e-09,1.5517841248802613e-10
18,-2,-2.7316318486649147e-06,0.002843721193504816
18,0,-3.920197833219964e-07,0.0007020650851813271
18,2,-5.171436889828129e-10,0.0012754340725507475
18,4,0.0002110181246107977,9.429114047809976e-05
18,6,-0.000815599453531067,-0.0010120120949783755
18,8,-0.0007459211470583263,-0.0005990886969957609
18,10,0.0011313842866264405,0.0010231782579197385
18,12,0.0012891874932802955,0.0014565245423245068
18,14,-0.0012731655976580027,-0.0015353335840736777
18,16,-0.0018207967274581035,-0.001511580343510034
18,18,0.0013462061922223136,0.0010092533814032695
19,-19,0.005931660159605206,0.005965793523335591
19,-17,-0.006436522784974408,-0.006390075480389732
19,-15,-0.005179006123713788,-0.00523195019238743
19,-13,0.006053472486339726,0.005972994007282507
19,-11,0.004425518554008428,0.004519354907625496
19,-9,-0.0057716299744705974,-0.005603694890925455
19,-7,-0.003494549712133318,-0.003699634558866734
19,-5,0.0053343368603697315,0.004824696361307916
19,-3,0.0017634079038761198,0.0024637646372899944
19,-1,-3.410490251260139e-06,0.006634007348162386
19,1,3.0986725166038073e-06,-0.004840235853991671
19,3,0.001057021980020022,0.002321371037104285
19,5,-0.0033064445745080977,-0.002754053391439161
19,7,-0.0026199579375512858,-0.003025039106497333
19,9,0.0041356575735683725,0.004049532429125001
19,11,0.004222717245578158,0.004215325788487301
19,13,-0.005336380793463962,-0.005043162160851277
19,15,-0.006174957103981882,-0.00650201185751837
19,17,0.007049500959318358,0.007280597741785386
19,19,0.00856779366579964,0.008280954992797969
20,-20,-2.690820465750532e-09,-2.7878158300066448e-08
20,-18,-0.00754290873798342,-0.007480889072859242
20,-16,9.405357253439162e-09,1.2905757527717873e-08
20,-14,0.005741291336631794,0.005638824586116411
20,-12,-1.1067518086022021e-08,-4.973548644581409e-09
20,-10,-0.003903483513601879,-0.0037072230583736414
20,-8,9.266382812976592e-09,1.3771952136736618e-09
20,-6,0.0020008856572733586,0.0014946076121451206
20,-4,-5.043982954401616e-09,-1.7757330223652562e-10
20,-2,-3.4201465349278747e-06,0.0029994541829395697
20,0,-4.934129897992776e-07,0.0007430161293316571
20,2,-5.312120084088878e-10,0.0013558877223818202
20,4,-0.0001468459155984663,-0.00031892560672389835
20,6,0.0005716336419475387,0.00047172536059531754
20,8,0.0005218691933051448,0.000495045698309862
20,10,-0.000792964356596015,-0.0006393356517443448
20,12,-0.0009034700537108104,-0.0010879989495891041
20,14,0.0008923351145171858,0.0010751308350983038
20,16,0.0012761034398389645,0.0010441510482727587
20,18,-0.0009435269783371735,-0.0006499120815900041
20,20,-0.0016417794789696807,-0.0019800047291871022
21,-21,-0.005256997063128072,-0.005289816918799435
21,-19,-0.004458048525968331,-0.004423186856892155
21,-17,0.004930359979808715,0.004980321512851364
21,-15,0.003946936961564734,0.003891708351672503
21,-13,-0.0046903513867585945,-0.004775535693265504
21,-11,-0.0034183435908957055,-0.0033195061228604755
21,-9,0.004508516874486463,0.0046858108143649725
21,-7,0.002733326528191934,0.002516875332076111
21,-5,-0.004185124441530922,-0.004722147187536086
21,-3,-0.0013939060110907233,-0.0006562142673725822
21,-1,-4.207545423222451e-06,0.006981765264237557
21,1,3.8319136928112846e-06,-0.005094178278166579
21,3,-0.0008376191559096656,0.0005174436522511668
21,5,0.0025774687962556156,0.003092114348546141
21,7,0.001979458893064936,0.0016795744394176965
21,9,-0.0031372057836019686,-0.003428012679781921
21,11,-0.00306195671278049,-0.002787714379880063
21,13,0.003914038550946856,0.003852558813236292
21,15,0.004348141085036537,0.004464404377040016
21,17,-0.005015212048601531,-0.005322560382880329
21,19,-0.0059076367628357156,-0.005572679849611552
21,21,0.006454158583020462,0.006171709181464338
22,-22,-0.006755454201600009,-0.006800428485924092
22,-20,-8.665458069850862e-09,2.0880040781910836e-08
22,-18,0.00546468230760847,0.005531201176714319
22,-16,-1.8409829494192564e-09,-9.676968147826366e-09
22,-14,-0.00415914562429375,-0.004267607929001616
22,-12,1.890733451748172e-09,3.6836684518711598e-09
22,-10,0.002827444375524824,0.003034026822201061
22,-8,-1.419689969316823e-09,-9.594034616703778e-10
22,-6,-0.0014433853889329077,-0.0019758599371714853
22,-4,4.4661799952772085e-10,7.871971026626669e-11
22,-2,-4.202275946173422e-06,0.0031503541884328632
22,0,-6.053066637589141e-07,0.0007784359284129407
22,2,-8.676085579140125e-10,0.0014157974416653136
22,4,0.00010770890181575858,-3.4591998393058854e-05
22,6,-0.0004141697709208591,-0.0006042982969461787
22,8,-0.00037931075491341243,-0.00026196135152783354
22,10,0.0005745291813516107,0.000520135200281184
22,12,0.0006547130705528466,0.0007542542998100453
22,14,-0.0006465269307393499,-0.0008312300754827324
22,16,-0.0009246555501704485,-0.0007057876188259193
22,18,0.0006836151563355264,0.0004472310804716257
22,20,0.0011895566467679983,0.0014562069616091049
22,22,-0.000704813747670726,-0.0010261485751332509
23,-23,-0.0038330897710742978,-0.0038591910193486625
23,-21,0.0040957259157167955,0.004062401483462368
23,-19,0.0034558514704765334,0.003493387138779251
23,-17,-0.003881911824995145,-0.003830074799697574
23,-15,-0.00309356111609278,-0.0031519875741234924
23,-13,0.0037265010920268862,0.003637355018342008
23,-11,0.0027041727784694264,0.002808284578444799
23,-9,-0.0036100572506587722,-0.003423839322833432
23,-7,-0.002175067313344134,-0.0024027245516663647
23,-5,0.0033679870535636837,0.0028043015509376236
23,-3,0.0011115472864942854,0.0018856079248583781
23,-1,-5.080754104810903e-06,0.0073196244589663825
23,1,4.625733046326525e-06,-0.005340538272542264
23,3,0.0006653830075793195,0.0020676523070721976
23,5,-0.0020677567209393655,-0.0014737450972229765
23,7,-0.0015307520280458215,-0.0019480165748183597
23,9,0.00245833083227066,0.0023150961493130745
23,11,0.0023021991642488476,0.002359889454370707
23,13,-0.0029746031586918163,-0.002734744558100677
23,15,-0.003185384497347465,-0.0034454478849245923
23,17,0.0037108105999427202,0.0038492758129024624
23,19,0.004244057342337594,0.004056217122272221
23,21,-0.004673197808320253,-0.004355936982523248
23,23,-0.005500354298451332,-0.005848650433013573
24,-24,4.3025106671867874e-09,3.1224823833817106e-08
24,-22,0.005030965095646599,0.004985400993932017
24,-20,2.019915346096468e-09,-1.6620182320420376e-08
24,-18,-0.00407004413668709,-0.0040013290641197526
24,-16,-2.5588319050445785e-09,7.883113972801296e-09
24,-14,0.003098060404783856,0.0029850201591465836
24,-12,-1.7477044028570837e-09,-3.1227159611584958e-09
24,-10,-0.002106514010878205,-0.001890478946476339
24,-8,1.2114109290348174e-09,9.007133744532622e-10
24,-6,0.0010826653115002729,0.0005247861532394791
24,-4,-5.10971766200935e-10,-1.2898402420760083e-10
24,-2,-5.086505107110353e-06,0.003297320363722227
24,0,-6.658155546198009e-07,0.0008163190318874289
24,2,-1.7999205945140595e-10,0.0014884923967542997
24,4,-7.859634882845823e-05,-0.00025873247045841833
24,6,0.00030842705851917736,0.0001784239024294849
24,8,0.0002809635066410289,0.00028553415406933156
24,10,-0.00042784277477758074,-0.00030804494356647955
24,12,-0.00048739781012076706,-0.0006251332752516467
24,14,0.00048145814635956394,0.0006009369300811953
24,16,0.0006884527696955411,0.0005305458738679232
24,18,-0.0005090788983305901,-0.00029627186910228967
24,20,-0.0008857863898860613,-0.0011379183192010021
24,22,0.0005248660793953849,0.0007906360507812296
24,24,0.0010805518246537098,0.0007817125031619361
25,-25,0.0034560563853691184,0.003481352677607364
25,-23,0.0030182566726140283,0.002991929937887029
25,-21,-0.0032682714150317174,-0.003304155683305081
25,-19,-0.0027477176651184636,-0.002709007821469943
25,-17,0.003123491131077825,0.0031782659035803126
25,-15,0.0024823964077519906,0.0024215120601332476
25,-13,-0.0030195534706466106,-0.0031130326202955965
25,-11,-0.002190465324801514,-0.002081437377895908
25,-9,0.0029360196576446607,0.003131184939936494
25,-7,0.001780065754497894,0.0015414334871943739
25,-5,-0.0027428372655762556,-0.0033326416161982386
25,-3,-0.0009191282101071084,-0.00010943637026024704
25,-1,-4.668733748624877e-06,0.007649519616807875
25,1,5.725897760367874e-06,-0.005581350370693202
25,3,-0.0005531168881356628,0.000928215404123319
25,5,0.0016753961542491514,0.002252951632934436
25,7,0.001227381818599975,0.0008743552656179171
25,9,-0.0019621287117969404,-0.0022453447359198964
25,11,-0.001784778920336805,-0.0015341258231715293
25,13,0.0023239939297870025,0.0023215153549365083
25,15,0.002412052036624519,0.0024602221232362994
25,17,-0.0028320680794234995,-0.003076783769754062
25,19,-0.0031549284164254713,-0.0028919922717574034
25,21,0.0034983360716809245,0.0033027670653930897
25,23,0.004031805655788026,0.004258998324917489
25,25,-0.004321788645111353,-0.004653136711998841
26,-26,0.004561270846796704,0.004596491427816617
26,-24,-1.7438361171739913e-09,-2.435297323540374e-08
26,-22,-0.0038336832893763914,-0.0038826413993071143
26,-20,3.069527691485635e-09,1.2947223646984693e-08
26,-18,0.003101042983398141,0.003173686204597229
26,-16,1.7951952055970943e-09,-6.0813639156560104e-09
26,-14,-0.002360044601804366,-0.002478601457409979
26,-12,-1.5703999298871674e-09,2.3309105213931335e-09
26,-10,0.0016042052128936988,0.0018300172967147576
26,-8,1.0251558840105451e-09,-6.027891277309749e-10
26,-6,-0.0008164017881197325,-0.0013986911970015293
26,-4,-3.6447856842022897e-10,1.3218333766155598e-10
26,-2,-5.153157927881276e-06,0.0034411473022409626
26,0,9.482949375601877e-07,0.0008506455557315419
26,2,-6.919597689974966e-09,0.0015479994558079443
26,4,6.166440512972152e-05,-0.00010082668442491221
26,6,-0.00023505129612843775,-0.0004275395617403632
26,8,-0.0002157707322192868,-0.00011313895248054703
26,10,0.00032605938788765306,0.0003042386067328574
26,12,0.000371654965637691,0.00042996035082011255
26,14,-0.00036691994458085337,-0.0005049907834999093
26,16,-0.000524846819055541,-0.0003625606596316922
26,18,0.0003879698867456677,0.00021830741735771886
26,20,0.0006751749557836812,0.0008679663938772587
26,22,-0.00040000710680241974,-0.0006438335852204059
26,24,-0.0008235337990716296,-0.0005511497484639241
26,26,0.0004074558222463673,0.00011576106321461047
27,-27,0.002641462514582212,0.002662296977389554
27,-25,-0.002792269395285881,-0.002766918697537118
27,-23,-0.0024289824020122296,-0.002457434655552363
27,-21,0.0026612359906514303,0.002624401237436242
27,-19,0.002228528198551148,0.0022694997007276668
27,-17,-0.0025612728362392053,-0.0025044001176734703
27,-15,-0.0020279881600349416,-0.0020918109399259118
27,-13,0.00249055206711392,0.002393148804286453
27,-11,0.0017977536174657541,0.0019118544961433683
27,-9,-0.002438699384940529,-0.002233528627874981
27,-7,-0.0014632747128554403,-0.0017104733301765095
27,-5,0.0022835695319116016,0.0016721835972834684
27,-3,0.0007571138882183248,0.0015957731028533372
27,-1,-1.8938611970223615e-05,0.007973128246212938
27,1,9.485280412584022e-07,-0.005817377284821474
27,3,0.0004525846477896054,0.001980695835960063
27,5,-0.0013938777367054356,-0.000758249039131576
27,7,-0.0009876290691880618,-0.001425220441774309
27,9,0.0016072937689718134,0.0014236000413433072
27,11,0.0014157166793688817,0.0015175991275816975
27,13,-0.001860201130639809,-0.0016493543970886818
27,15,-0.0018746890734983382,-0.0020956632879281607
27,17,0.002221230256165711,0.0022975260254250577
27,19,0.0024115309094792244,0.0022920558623096025
27,21,-0.0026938024944688395,-0.002442104154664879
27,23,-0.0030417141459047605,-0.0033201295788053563
27,25,0.0032794041318868726,0.0035061571610549417
27,27,0.0037721286970938796,0.0035115987959812977
28,-28,-6.252173964963956e-09,-3.4290792895986e-08
28,-26,-0.00354566602505093,-0.003510395336704334
28,-24,-3.0138540133613917e-09,2.0104111448618485e-08
28,-22,0.002980527090644041,0.0029304583999227216
28,-20,-2.1651259175282933e-09,-1.0889064767796687e-08
28,-18,-0.0024113809960558718,-0.00233628910547628
28,-16,2.114141636928857e-09,5.265369880592354e-09
28,-14,0.0018356688486741277,0.0017125063042627453
28,-12,-1.9174439256416237e-09,-2.135687215338185e-09
28,-10,-0.0012482249597705432,-0.001013345198179186
28,-8,2.3791886056764855e-09,7.244113269506472e-10
28,-6,0.0006378865299625811,3.757569546000462e-05
28,-4,-1.2915756028488573e-08,-2.5341173782225627e-10
28,-2,-1.5787955526202397e-06,0.0035823718534452056
28,0,-1.1776567380996858e-06,0.0008866184326902058
28,2,2.3504879162385833e-08,0.001616017730396271
28,4,-4.573882790309995e-05,-0.00023645320643749806
28,6,0.00018270412205643625,2.9750165064939505e-05
28,8,0.0001645322685976053,0.00019081169827436784
28,10,-0.0002534401675699378,-0.00015260147358416704
28,12,-0.00028877268250890163,-0.0003987041573490376
28,14,0.00028520079390601037,0.00036450406514810553
28,16,0.0004077324939121939,0.00029772577410518266
28,18,-0.00030156234453445675,-0.00014211064796515303
28,20,-0.0005246377856405761,-0.0007176423438474537
28,22,0.0003109187510122943,0.0005100406561770189
28,24,0.0006400259552035225,0.0004122109785056504
28,26,-0.0003166987692456817,-5.669865595930919e-05
28,28,-0.000754391803442762,-0.0010446854734812393
29,-29,-0.0024127665288564346,-0.0024330468429069074
29,-27,-0.002150802808990914,-0.002130014422314567
29,-25,0.0022957134551710545,0.002323163817789763
29,-23,0.0019921981878061254,0.0019631241034303664
29,-21,-0.0022015341897732264,-0.0022405367625624407
29,-19,-0.0018405655840343376,-0.001798177916735045
29,-17,0.002130520738625804,0.0021900738859313563
29,-15,0.0016857269144243234,0.0016194013979796663
29,-13,-0.002081113113964139,-0.0021826639926990346
29,-11,-0.0015045433831427102,-0.001387549800336125
29,-9,0.0020414627206769608,0.002249684599437642
29,-7,0.0012308711457068187,0.0009781872520315256
29,-5,-0.0019170058731083793,-0.0025505121893955344
29,-3,-0.0006380537889809312,0.00023360880926602594
29,-1,-8.418302611584078e-07,0.008291789140703719
29,1,2.649054979517861e-06,-0.006049943992075079
29,3,-0.00038298607001287634,0.00121489502321663
29,5,0.0011665754149510809,0.0017945089265075293
29,7,0.0008211521256905704,0.00042969358327257264
29,9,-0.0013287320713700887,-0.001611907102709349
29,11,-0.0011483879659640991,-0.0009072662124517136
29,13,0.001515508389736232,0.001553338051744005
29,15,0.001492560974852836,0.0014943751607821413
29,17,-0.0017771104371099161,-0.0019828409940434487
29,19,-0.0018897171454669904,-0.0016739227287763184
29,21,0.00212218627023547,0.0019885883171799645
29,23,0.0023531488999813306,0.00251372405717768
29,25,-0.0025492577034105803,-0.002817452467582119
29,27,-0.002888674656920783,-0.0026037725358759333
29,29,0.0030583726336993466,0.0028026514172615033
30,-30,-0.003248050163453675,-0.0032766314179210913
30,-28,2.5440901781081937e-09,2.7532424780233008e-08
30,-26,0.002802791842116168,0.00284084253792642
30,-24,2.1713432713085443e-09,-1.610028206752076e-08
30,-22,-0.0023555541844799666,-0.002408576299901496
30,-20,-2.4978658698729395e-09,8.644600355019115e-09
30,-18,0.0019052411333546303,0.00198395044949435
30,-16,2.5364721723810865e-09,-4.087881907205208e-09
30,-14,-0.0014498120129533137,-0.0015782246289993379
30,-12,-4.45219394901511e-09,1.5422862252322416e-09
30,-10,0.0009854358652484102,0.0012297229052052573
30,-8,-1.0976103003920712e-09,-1.0752924498259152e-09
30,-6,-0.0005049679296438639,-0.0011291601662020234
30,-4,-9.093322564134993e-09,4.612171897634331e-10
30,-2,-4.1061416298876946e-07,0.0037219018571791143
30,0,-1.4282723259859053e-08,0.0009202472701733552
30,2,2.104936467100326e-08,0.0016751941228748102
30,4,3.728942865218661e-05,-0.00014154187469782702
30,6,-0.00014444164034016493,-0.00034345662098766484
30,8,-0.00013290674268721855,-3.770687624947463e-05
30,10,0.00020037202624231072,0.00020003479994045914
30,12,0.00022812973132907687,0.0002599023753860376
30,14,-0.0002254888722474646,-0.0003342380368321785
30,16,-0.0003226510436013081,-0.0001968757535704501
30,18,0.00023842501275186338,0.00011358044839583142
30,20,0.0004150139726884357,0.0005565338696832188
30,22,-0.0002458224174238287,-0.00043456693054191864
30,24,-0.0005061722782176918,-0.00029363409238062873
30,26,0.0002504007846912265,2.187786639435867e-05
30,28,0.0005965018422037797,0.0008398323440785111
30,30,-0.00025341093831745144,-0.0005325378333457169
31,-31,-0.0019095910892037748,-0.0019267669199770313
31,-29,0.0020028870782554348,0.001982765931795417
31,-27,0.001779518368408675,0.001802125476159945
31,-25,-0.0019174166570633075,-0.001889486952858202
31,-23,-0.0016576697460848875,-0.0016885453175276386
31,-21,0.0018491671220268193,0.0018089426197820896
31,-19,0.0015397684365932496,0.0015842054524905457
31,-17,-0.0017983904436489743,-0.001736639567827022
31,-15,-0.0014173101955530598,-0.0014862695501382487
31,-13,0.0017628022337383917,0.0016583325527260934
31,-11,0.0012708063750237835,0.0013912780694421741
31,-9,-0.0017339770487867097,-0.0015176995589179828
31,-7,-0.001044250479907291,-0.0013062863253817385
31,-5,0.001630507365592405,0.0009734722753534416
31,-3,0.0005420593355664016,0.0014463156950610487
31,-1,-1.5945104370217124e-06,0.008604450823811768
31,1,1.0743108159297385e-06,-0.006278035937605881
31,3,0.0003249033329616932,0.0019740991033342275
31,5,-0.000990526374981652,-0.00031334446882450576
31,7,-0.000687580802565243,-0.0011433424488527266
31,9,0.0011190145460283874,0.0009064504331992205
31,11,0.0009454479422462412,0.0010795811937473843
31,13,-0.001257193858164517,-0.0010625011901353623
31,15,-0.001208707901063481,-0.0014067193542016618
31,17,0.0014527632677953375,0.0014855331305879717
31,19,0.001509241004564991,0.0014378570073209738
31,21,-0.001707579880613368,-0.0015006602359091095
31,23,-0.0018579116804856278,-0.0020867264774785286
31,25,0.0020248015391614504,0.0021911910281194793
31,27,0.002259633967960834,0.002061845364109738
31,29,-0.0024032894996551027,-0.002128827202253352
31,31,-0.002716890900530571,-0.003013818693935199
32,-32,8.5686720600886e-09,3.71365072553277e-08
32,-30,0.0026068161898847183,0.0025784706857163824
32,-28,-2.1176641221837267e-09,-2.3373300508637084e-08
32,-26,-0.0022500091301735493,-0.0022114290732290916
32,-24,3.6555715185590185e-09,1.3885397621252759e-08
32,-22,0.0018915365892963494,0.0018371128511574229
32,-20,-3.1313891800735516e-09,-7.628046323562523e-09
32,-18,-0.001530498862008179,-0.001449192947684309
32,-16,2.5981202614669408e-09,3.780672390341121e-09
32,-14,0.0011646314129553901,0.0010322404104196035
32,-12,1.3332334250493183e-08,-2.238129857133142e-09
32,-10,-0.0007916189886847035,-0.0005391669681077606
32,-8,3.513893085540869e-08,-2.7535306031518086e-10
32,-6,0.0004047869904908527,-0.00024256273953783184
32,-4,1.52715200382996e-08,2.3721084573184954e-10
32,-2,2.3250693111088316e-06,0.003862330154617278
32,0,7.720867754335714e-08,0.0009556821490727585
32,2,1.4004020391181175e-06,0.001741600608663719
32,4,-2.9952820548544483e-05,-0.00023064770572685163
32,6,0.0001159065692729498,-5.6256938478814e-05
32,8,0.0001059987553046037,0.0001441894195118658
32,10,-0.00016078829421961507,-7.086627626250852e-05
32,12,-0.00018317356377021128,-0.00027607634649815237
32,14,0.0001809487651713267,0.00023337140794875292
32,16,0.00025859692161295505,0.0001808819356156249
32,18,-0.00019133104900641252,-6.791010247790095e-05
32,20,-0.00033275448999456515,-0.0004850710307999682
32,22,0.00019726752787732442,0.0003488556346604284
32,24,0.0004059867690904928,0.00023026730441929558
32,26,-0.0002009412970935421,4.357463820651004e-06
32,28,-0.0004785628412708567,-0.0007127185430066789
32,30,0.00020335740780122718,0.0004458355080592696
32,32,0.0005506953533381742,0.00028539479739430934
33,-33,0.0017620376827781488,0.0017787897577798146
33,-31,0.0015947172380208331,0.001577746455907945
33,-29,-0.0016845973249404913,-0.0017065600193751694
33,-27,-0.0014946976854380268,-0.0014717665027460104
33,-25,0.0016202005807203193,0.0016499098864897685
33,-23,0.0014001502174332764,0.001368402993452396
33,-21,-0.00156921701734673,-0.001611394682185934
33,-19,-0.0013073851287889794,-0.0012614099019298806
33,-17,0.001532111971490502,0.0015961653858038733
33,-15,0.0012078950266910533,0.0011373144019373833
33,-13,-0.0015082113435303888,-0.0016164318863218603
33,-11,-0.0010866265698991746,-0.0009619547795161079
33,-9,0.0014866034461455632,0.0017101168360236076
33,-7,0.0008954093737203977,0.0006238418829720699
33,-5,-0.001399494706496503,-0.0020800640530855615
33,-3,-0.00046686448863768223,0.0004697388653232
33,-1,-1.8782733658383666e-05,0.00890071255927253
33,1,1.4365539355323711e-05,-0.006494373898568559
33,3,-0.00028185617690949533,0.0014345026131897087
33,5,0.0008486128409299721,0.0015281751418802813
33,7,0.0005840951054435497,0.00015483798333600362
33,9,-0.0009515228539134024,-0.0012403548619774548
33,11,-0.0007910929641926948,-0.0005524854619283723
33,13,0.0010561278991679322,0.001122534474246267
33,15,0.0009972703873799866,0.0009664696430378171
33,17,-0.0012013058057529248,-0.0013822313675657001
33,19,-0.0012295777178148483,-0.0010448277737102694
33,21,0.0013952706368605835,0.0013063959851622054
33,23,0.0014962176825523922,0.0016077061715781516
33,25,-0.00163582406131647,-0.0018578872028850622
33,27,-0.0018023900957189424,-0.0015674973699218832
33,29,0.0019231466968859712,0.0017243617709883905
33,31,0.0021502406710334626,0.0023667152793775837
33,33,-0.0022568918674943164,-0.0025433699413264033
34,-34,0.0024086550179530466,0.00243239886586981
34,-32,-3.3000022124640704e-09,-3.04711917142857e-08
34,-30,-0.0021188057296411314,-0.0021495617029589006
34,-28,-3.1504292412679047e-09,1.911140896526663e-08
34,-26,0.0018281915689047155,0.0018691927642223022
34,-24,3.969154813848741e-09,-1.1259393794315754e-08
34,-22,-0.0015363148582908008,-0.0015934355637916592
34,-20,-4.295389047920262e-09,6.104725105489326e-09
34,-18,0.001243617299070533,0.0013271840014845416
34,-16,-4.9548549638234185e-09,-3.6520966687076652e-09
34,-14,-0.0009463955621915731,-0.0010834005391867439
34,-12,-6.261730426326788e-10,6.2325653550246556e-09
34,-10,0.0006436258883502141,0.0009049954063434648
34,-8,-8.013775580416601e-08,-2.5087348602485784e-08
34,-6,-0.0003311973409587545,-0.0010010364298155018
34,-4,1.9702560772797178e-07,-5.2842415971723993e-08
34,-2,1.9778131342139848e-05,0.00401962634887478
34,0,3.8798495362708225e-06,0.0009929936514722474
34,2,1.034565327240948e-05,0.0018097305972619225
34,4,2.411105404053345e-05,-0.00017117433572172544
34,6,-9.44735312495459e-05,-0.0003023654855190707
34,8,-8.615352417033176e-05,5.010380190186669e-06
34,10,0.00013080871124735458,0.00014564168840722045
34,12,0.00014899751601692878,0.0001619212128373795
34,14,-0.00014714265441921268,-0.0002367346667880148
34,16,-0.00021062630832415367,-0.00010923855541128318
34,18,0.00015555620557434384,6.174463921726551e-05
34,20,0.0002709010612498036,0.0003761372312422657
34,22,-0.00016038630410088596,-0.0003099492660109536
34,24,-0.0003303596741956654,-0.00016132996224186232
34,26,0.0001633731452626338,-1.766220935348289e-05
34,28,0.0003892713640359802,0.0005819483133548867
34,30,-0.00016533809121431313,-0.0003924396072775544
34,32,-0.00044780665276661206,-0.00020256785363480077
34,34,0.00016668620351055746,-9.366607516817939e-05
35,-35,0.0014327348870604017,0.0014470926524641902
35,-33,-0.0014937645671245273,-0.0014772757625627923
35,-31,-0.001347815305709968,-0.001366421960360621
35,-29,0.0014353752647001373,0.0014132005419511737
35,-27,0.0012685533149455676,0.0012930334908079564
35,-25,-0.001387057756012036,-0.0013566096830330073
35,-23,-0.0011930962009009908,-0.0012264561479936153
35,-21,0.0013489162698364448,0.0013056197384525552
35,-19,0.0011191785587217336,0.0011661402126960853
35,-17,-0.0013205432509549228,-0.001255315909847368
35,-15,-0.0010389105124425258,-0.0011118629838311118
35,-13,0.0013027399034979937,0.0011908705082549415
35,-11,0.0009374524166545714,0.0010662484737630517
35,-9,-0.0012876686786950106,-0.0010560520530355161
35,-7,-0.0007752178252595105,-0.001054589086422119
35,-5,0.0012160864076497344,0.0005123760985145655
35,-3,0.0004022084526590929,0.001366885928126591
35,-1,-0.00013421230290320765,0.009111360859408744
35,1,8.920617188349611e-05,-0.006649193753577198
35,3,0.0002282984737238064,0.002000212790246485
35,5,-0.000739011675937045,-1.640737893331411e-05
35,7,-0.0004978599076933645,-0.0009807469383469026
35,9,0.0008183197870514763,0.0005799825478719071
35,11,0.0006698285437642702,0.000829399935640197
35,13,-0.0008984692903372635,-0.0007119554047618416
35,15,-0.0008335696795887242,-0.0010172542931628644
35,17,0.0010107617877279746,0.0010138961578927614
35,19,0.0010145644896545462,0.0009774956775049238
35,21,-0.0011602335196150167,-0.0009840906424439923
35,23,-0.0012216816759502628,-0.0014156098233884106
35,25,0.001344944643316358,0.0014658478835894693
35,27,0.0014596069349878588,0.0013100359676545112
35,29,-0.0015656893425632706,-0.0013374050043824326
35,31,-0.0017294760624779089,-0.0019786618304364688
35,33,0.0018222361201487634,0.002036440532387096
35,35,0.0020323466721179884,0.0017936656112902752
36,-36,-8.384014300519271e-09,-3.980413049458004e-08
36,-34,-0.0019811830135034623,-0.0019581111549391446
36,-32,2.893461167630682e-09,2.64508999497719e-08
36,-30,0.001743813235362834,0.0017128560638707405
36,-28,-4.2709083320716795e-09,-1.68214970976238e-08
36,-26,-0.0015052810687048285,-0.0014634594306445433
36,-24,4.667583115153251e-09,1.0107394255175477e-08
36,-22,0.001265228887102506,0.001206909033545914
36,-20,1.2626356882781964e-09,-5.8580046728045846e-09
36,-18,-0.001023057192564851,-0.0009367846416312001
